fecha,Hospitalizacion,O_camas,O_UCI,O_ventiladores,T_camas,T_UCI,T_ventiladores,Positivos diarios,Recuperados diarios,Defunciones registradas diarias ,Confirmados acumulados,Recuperados acumulados,Defunciones acumuladas
2021-01-12 00:00:00,1783,1298,311,174,2686,527,397,1595,350,1,186383,140217,2428
2021-01-13 00:00:00,1775,1295,318,162,2719,532,400,1104,307,0,187487,140524,2428
2021-01-14 00:00:00,1785,1303,317,165,2722,528,390,1482,407,4,188969,140931,2432
2021-01-15 00:00:00,1748,1261,321,166,2729,532,388,2370,1099,0,191339,142030,2432
2021-01-16 00:00:00,1794,1306,322,166,2733,543,389,1779,1020,5,193118,143050,2437
2021-01-17 00:00:00,1803,1302,331,170,2731,543,391,1848,1158,11,194966,144208,2448
2021-01-18 00:00:00,1791,1282,336,173,2735,546,396,1625,907,13,196591,145115,2461
2021-01-19 00:00:00,1803,1302,331,170,2731,543,391,1532,566,9,198123,145681,2470
2021-01-20 00:00:00,1787,1275,329,183,2736,542,397,1549,339,12,199672,146020,2482
2021-01-21 00:00:00,1827,1305,332,190,2731,543,396,1473,471,14,201145,146491,2496
2021-01-22 00:00:00,1796,1297,317,182,2731,542,403,1362,656,17,202507,147147,2513
2021-01-23 00:00:00,1761,1286,303,172,2735,543,403,1439,739,18,203946,147886,2531
2021-01-24 00:00:00,1730,1259,307,164,2731,543,407,1216,1036,14,205162,148922,2545
2021-01-25 00:00:00,1730,1259,307,164,2731,543,407,1143,890,19,206305,149812,2564
2021-01-26 00:00:00,1623,1165,293,165,2725,545,407,1150,992,15,207455,150804,2579
2021-01-27 00:00:00,1587,1134,288,165,2728,545,406,1155,899,24,208610,151703,2603
2021-01-28 00:00:00,1571,1119,285,167,2730,544,405,1802,2442,23,210412,154145,2626
2021-01-29 00:00:00,1539,1086,286,167,2712,543,404,2141,1722,20,212553,155867,2646
2021-01-30 00:00:00,1511,1056,292,163,2712,541,404,1507,1666,20,214060,157533,2666
2021-01-31 00:00:00,1497,1043,293,161,2712,540,403,1026,1242,22,215086,158775,2688
2021-02-01 00:00:00,1466,1012,293,161,2712,540,403,834,831,16,215920,159606,2704
2021-02-02 00:00:00,1392,933,294,165,2712,540,401,1357,758,15,217277,160364,2719
2021-02-03 00:00:00,1403,958,288,157,2736,540,401,1671,2446,28,218948,162810,2747
2021-02-04 00:00:00,1403,963,287,153,2737,536,401,1478,1223,26,220426,164033,2773
2021-02-05 00:00:00,1407,956,294,157,2740,538,401,1722,1626,28,222148,165659,2801
2021-02-06 00:00:00,1384,938,293,153,2740,538,401,1250,1555,30,223398,167214,2831
2021-02-07 00:00:00,1355,907,289,159,2740,538,401,721,1413,12,224119,168627,2843
2021-02-08 00:00:00,1327,880,292,155,2738,538,404,419,1216,21,224538,169843,2864
2021-02-09 00:00:00,1259,834,279,146,2740,538,404,934,1343,19,225472,171186,2883
2021-02-10 00:00:00,1215,801,273,141,2740,538,404,1242,1376,21,226714,172562,2904
2021-02-11 00:00:00,1218,817,264,137,2730,538,406,1050,1320,13,227764,173882,2917
2021-02-12 00:00:00,1190,802,255,133,2730,538,406,1131,1447,15,228895,175329,2932
2021-02-13 00:00:00,1185,796,256,133,2730,538,406,873,1459,12,229768,176788,2944
2021-02-14 00:00:00,1199,806,261,132,2730,538,405,795,1358,15,230563,178146,2959
2021-02-15 00:00:00,1136,764,245,127,2710,538,405,532,951,16,231095,179097,2975
2021-02-16 00:00:00,1123,755,241,127,2706,538,405,642,1073,15,231737,180170,2990
2021-02-17 00:00:00,1116,765,227,124,2706,538,405,1043,1232,17,232780,181402,3007
2021-02-18 00:00:00,1133,768,236,129,2007,538,405,818,1201,17,233598,182603,3024
2021-02-19 00:00:00,1104,737,236,131,2707,538,404,904,1117,4,234502,183720,3028
2021-02-20 00:00:00,1110,737,239,134,2707,538,405,960,1434,10,235462,185154,3038
2021-02-21 00:00:00,1113,737,239,137,2707,538,404,420,810,10,235882,185964,3048
2021-02-22 00:00:00,1004,646,232,126,2707,538,404,328,739,9,236210,186703,3057
2021-02-23 00:00:00,992,639,232,121,2707,538,404,673,719,9,236883,187422,3066
2021-02-24 00:00:00,988,633,224,131,2683,542,406,746,878,9,237629,188300,3075
2021-02-25 00:00:00,979,634,220,125,2682,542,406,576,863,7,238205,189163,3082
2021-02-26 00:00:00,966,618,219,129,2680,542,406,804,1132,11,239009,190295,3093
2021-02-27 00:00:00,938,601,207,130,2680,542,406,608,1043,7,239617,191338,3100
2021-02-28 00:00:00,927,598,203,126,2680,542,406,381,740,6,239998,192078,3106
2021-03-01 00:00:00,871,563,191,117,2669,547,407,203,573,12,240201,192651,3118
2021-03-02 00:00:00,850,540,199,111,2670,550,406,572,782,12,240773,193433,3130
2021-03-03 00:00:00,836,545,192,99,2670,541,406,619,1220,9,241392,194653,3139
2021-03-04 00:00:00,847,563,186,98,2665,541,413,695,941,11,242087,195594,3150
2021-03-05 00:00:00,835,558,182,95,2663,542,413,573,890,12,242660,196484,3162
2021-03-06 00:00:00,829,544,191,94,2663,542,413,587,1138,10,243247,197622,3172
2021-03-07 00:00:00,817,530,187,100,2764,542,413,279,764,7,243526,198386,3179
2021-03-08 00:00:00,822,527,185,110,2643,549,412,252,561,12,243778,198947,3191
2021-03-09 00:00:00,810,528,176,106,2648,549,412,390,699,7,244168,199646,3198
2021-03-10 00:00:00,799,518,175,106,2642,541,411,755,638,6,244923,200284,3204
2021-03-11 00:00:00,782,490,183,109,2643,541,411,529,638,9,245452,200922,3213
2021-03-12 00:00:00,795,512,178,105,2643,541,408,164,457,0,245616,201379,3213
2021-03-13 00:00:00,788,518,164,106,2643,541,411,429,683,9,246045,202062,3222
2021-03-14 00:00:00,802,523,166,113,2642,541,408,254,485,4,246299,202547,3226
2021-03-15 00:00:00,748,470,168,110,2624,541,411,495,523,11,246794,203070,3237
2021-03-16 00:00:00,723,453,164,106,2624,541,411,570,586,11,247364,203656,3248
2021-03-17 00:00:00,725,450,171,104,2586,537,407,615,532,9,247979,204188,3257
2021-03-18 00:00:00,725,454,171,100,2584,536,406,523,547,5,248502,204735,3262
2021-03-19 00:00:00,719,455,166,98,2587,537,407,487,437,7,248989,205172,3269
2021-03-20 00:00:00,729,473,160,96,2587,537,407,474,525,3,249463,205697,3272
2021-03-21 00:00:00,738,472,169,97,2588,535,406,313,596,3,249776,206293,3275
2021-03-22 00:00:00,703,449,157,97,2587,521,408,401,443,8,250177,206736,3283
2021-03-23 00:00:00,693,446,154,93,2579,522,408,402,2850,6,250579,209586,3289
2021-03-24 00:00:00,688,454,145,89,2569,523,406,389,456,6,250968,210042,3295
2021-03-25 00:00:00,673,443,142,88,2572,523,394,364,354,3,251332,210396,3298
2021-03-26 00:00:00,692,463,139,90,2557,518,389,250,155,4,251582,210551,3302
2021-03-27 00:00:00,715,463,151,101,2557,518,401,401,493,2,251983,211044,3304
2021-03-28 00:00:00,736,474,160,102,2557,514,401,199,365,3,252182,211409,3307
2021-03-29 00:00:00,698,450,149,99,2509,505,396,202,335,10,252384,211744,3317
2021-03-30 00:00:00,678,430,149,99,2512,509,401,343,412,8,252727,212156,3325
2021-03-31 00:00:00,675,422,154,99,2512,507,401,469,662,5,253196,212818,3330
2021-04-01 00:00:00,682,426,158,98,2510,507,401,585,521,4,253781,213339,3334
2021-04-02 00:00:00,705,445,162,98,2513,507,401,355,386,7,254136,213725,3341
2021-04-03 00:00:00,712,453,163,96,2513,507,401,159,452,5,254295,214177,3346
2021-04-04 00:00:00,714,456,162,96,2391,497,391,140,335,5,254435,214512,3351
2021-04-05 00:00:00,721,476,155,90,2384,494,391,168,192,4,254603,214704,3355
2021-04-06 00:00:00,733,483,157,93,2389,487,391,334,239,14,254937,214943,3369
2021-04-07 00:00:00,744,481,162,101,2389,487,391,1094,462,9,256031,215405,3378
2021-04-08 00:00:00,738,486,155,97,2445,486,387,532,321,4,256563,215726,3382
2021-04-09 00:00:00,753,498,154,101,2435,486,387,623,294,3,257186,216020,3385
2021-04-10 00:00:00,745,490,151,104,2435,486,387,512,432,3,257698,216452,3388
2021-04-11 00:00:00,758,498,155,105,2435,486,387,341,328,4,258039,216780,3392
2021-04-12 00:00:00,750,504,148,98,2435,486,387,598,228,5,258637,217008,3397
2021-04-13 00:00:00,784,534,156,94,2433,489,387,623,278,5,259260,217286,3402
2021-04-14 00:00:00,781,531,156,94,2420,492,387,379,327,3,259639,217613,3405
2021-04-15 00:00:00,763,523,152,88,2447,493,386,494,397,5,260133,218010,3410
2021-04-16 00:00:00,800,558,154,88,2403,495,386,494,296,4,260627,218306,3414
2021-04-17 00:00:00,798,552,157,89,2403,495,386,502,418,4,261129,218724,3418
2021-04-18 00:00:00,812,562,159,91,2403,495,386,402,264,4,261531,218988,3422
2021-04-19 00:00:00,852,578,177,97,2402,500,386,317,274,4,261848,219262,3426
2021-04-20 00:00:00,870,576,188,106,2403,500,386,556,383,9,262404,219645,3435
2021-04-21 00:00:00,846,559,183,104,2408,496,385,531,514,6,262935,220159,3441
2021-04-22 00:00:00,858,567,182,109,2425,504,385,535,519,7,263470,220678,3448
2021-04-23 00:00:00,856,573,174,109,2414,502,384,474,616,3,263944,221294,3451
2021-04-24 00:00:00,866,580,177,109,2400,502,384,919,531,3,264863,221825,3454
2021-04-25 00:00:00,882,586,183,113,2400,502,384,540,349,5,265403,222174,3459
2021-04-26 00:00:00,901,613,185,103,2386,497,382,78,292,3,265481,222466,3462
2021-04-27 00:00:00,913,608,191,114,2378,497,382,338,1006,5,265819,223472,3467
2021-04-28 00:00:00,902,582,198,122,2366,496,378,395,1274,4,266214,224746,3471
2021-04-29 00:00:00,916,592,200,124,2366,496,379,347,1646,9,266561,226392,3480
2021-04-30 00:00:00,912,590,196,126,2358,495,379,300,875,7,266861,227267,3487
2021-05-01 00:00:00,899,585,189,125,2359,495,379,594,657,6,267455,227924,3493
2021-05-02 00:00:00,888,575,186,127,2359,495,379,226,536,6,267681,228460,3499
2021-05-03 00:00:00,922,594,204,124,2364,497,379,389,908,5,268070,229368,3504
2021-05-04 00:00:00,961,624,210,127,2356,496,379,491,85,5,268561,229453,3509
2021-05-05 00:00:00,971,624,215,132,2355,496,379,623,580,5,269184,230033,3514
2021-05-06 00:00:00,1001,635,229,137,2355,495,377,774,912,3,269958,230945,3517
2021-05-07 00:00:00,1001,633,231,137,2354,496,373,642,136,6,270600,231081,3523
2021-05-08 00:00:00,990,629,228,133,2354,496,373,948,564,9,271548,231645,3532
2021-05-09 00:00:00,999,636,229,134,2354,496,373,560,318,8,272108,231963,3540
2021-05-10 00:00:00,1008,625,237,146,2373,505,391,701,362,10,272809,232325,3550
2021-05-11 00:00:00,1025,629,242,154,2414,508,405,688,56,4,273497,232381,3554
2021-05-12 00:00:00,1116,688,263,165,2416,508,396,822,244,6,274319,232625,3560
2021-05-13 00:00:00,1170,721,275,174,2429,518,403,1059,300,5,275378,232925,3565
2021-05-14 00:00:00,1230,759,283,188,2397,512,403,894,506,4,276272,233431,3569
2021-05-15 00:00:00,1232,751,289,192,2397,512,403,916,399,13,277188,233830,3582
2021-05-16 00:00:00,1246,758,294,194,2399,512,401,731,268,7,277919,234098,3589
2021-05-17 00:00:00,1291,798,302,191,2413,526,399,630,272,8,278549,234370,3597
2021-05-18 00:00:00,1294,794,306,194,2435,532,407,1016,415,0,279565,234785,3597
2021-05-19 00:00:00,1370,867,306,197,2426,539,403,1429,499,3,280994,235284,3600
2021-05-20 00:00:00,1440,942,305,193,2454,533,403,636,324,3,281630,235608,3603
2021-05-21 00:00:00,1526,1013,322,191,2524,538,419,1055,28,3,282685,235636,3606
2021-05-22 00:00:00,1518,998,324,196,2511,538,419,1044,178,0,283729,235814,3606
2021-05-23 00:00:00,1550,1026,323,201,2519,565,444,838,957,4,284567,236771,3610
2021-05-24 00:00:00,1669,1069,357,243,2532,572,478,644,782,0,285211,237553,3610
2021-05-25 00:00:00,1675,1070,363,242,2551,572,478,1058,-113,8,286269,237440,3618
2021-05-26 00:00:00,1765,1137,373,255,2536,569,457,1765,1059,2,288034,238499,3620
2021-05-27 00:00:00,1793,1170,376,247,2531,559,457,1254,116,3,289288,238615,3623
2021-05-28 00:00:00,1837,1180,393,264,2538,563,478,1238,195,5,290526,238810,3628
2021-05-29 00:00:00,1861,1194,401,266,2552,563,478,1384,2183,0,291910,240993,3628
2021-05-30 00:00:00,1869,1207,399,263,2671,602,478,876,603,0,292786,241596,3628
2021-05-31 00:00:00,1875,1195,410,270,2671,602,468,1235,210,6,294021,241806,3634
2021-06-01 00:00:00,1992,1273,434,285,2671,607,482,1659,828,3,295680,242634,3637
2021-06-02 00:00:00,2011,1303,424,284,2613,614,487,1439,601,5,297119,243235,3642
2021-06-03 00:00:00,2049,1329,428,292,2602,605,479,1295,457,4,298414,243692,3646
2021-06-04 00:00:00,2066,1329,432,305,2614,600,486,1267,552,6,299681,244244,3652
2021-06-05 00:00:00,2069,1320,441,308,2614,595,486,1397,946,2,301078,245190,3654
2021-06-06 00:00:00,2125,1342,462,321,2614,597,490,906,1026,1,301984,246216,3655
2021-06-07 00:00:00,2084,1320,441,323,2648,600,493,1004,1046,17,302988,247262,3672
2021-06-08 00:00:00,2131,1376,445,310,2657,612,493,1440,842,14,304428,248104,3686
2021-06-09 00:00:00,2131,1376,445,310,2677,615,494,1141,862,9,305569,248966,3695
2021-06-10 00:00:00,2168,1393,464,311,2665,645,503,1129,671,5,306698,249637,3700
2021-06-11 00:00:00,2168,1377,478,313,2665,645,503,1149,958,5,307847,250595,3705
2021-06-12 00:00:00,2150,1365,475,310,2652,649,507,803,1094,2,308650,251689,3707
2021-06-13 00:00:00,2144,1362,475,307,2654,649,507,827,1114,1,309477,252803,3708
2021-06-14 00:00:00,2110,1349,469,292,2661,646,507,914,469,9,310391,253272,3717
2021-06-15 00:00:00,2161,1367,491,303,2706,668,521,1442,1128,9,311833,254400,3726
2021-06-16 00:00:00,2196,1393,496,307,2684,678,524,982,923,7,312815,255323,3733
2021-06-17 00:00:00,2109,1328,472,309,2670,662,522,1216,1551,9,314031,256874,3742
2021-06-18 00:00:00,2108,1342,470,296,2665,663,523,1784,160,12,315815,257034,3754
2021-06-19 00:00:00,2100,1343,465,292,2681,663,524,972,1139,2,316787,258173,3756
2021-06-20 00:00:00,2070,1335,451,284,2683,663,524,858,1476,2,317645,259649,3758
2021-06-21 00:00:00,2029,1294,453,282,2694,659,523,723,884,11,318368,260533,3769
2021-06-22 00:00:00,1996,1293,433,270,2682,657,523,886,689,4,319254,261222,3773
2021-06-23 00:00:00,1999,1300,430,269,2730,659,524,882,183,8,320136,261405,3781
2021-06-24 00:00:00,2002,1307,427,268,2738,650,524,937,524,8,321073,261929,3789
2021-06-25 00:00:00,1941,1261,410,270,2739,650,524,998,936,7,322071,262865,3796
2021-06-26 00:00:00,1952,1258,425,269,2739,650,525,707,1093,1,322778,263958,3797
2021-06-27 00:00:00,1915,1224,422,269,2739,650,525,872,1042,4,323650,265000,3801
2021-06-28 00:00:00,1823,1162,394,267,2733,632,522,714,800,14,324364,265800,3815
2021-06-29 00:00:00,1727,1101,376,250,2725,643,530,857,279,7,325221,266079,3822
2021-06-30 00:00:00,1671,1044,372,255,2718,644,531,972,1317,18,326193,267396,3840
2021-07-01 00:00:00,1646,1041,353,252,2724,641,531,1368,589,6,327561,267985,3846
2021-07-02 00:00:00,1614,1018,351,245,2726,641,529,815,898,6,328376,268883,3852
2021-07-03 00:00:00,1615,1020,354,241,2694,641,529,566,443,5,328942,269326,3857
2021-07-04 00:00:00,1576,998,347,231,2694,641,529,589,729,0,329531,270055,3857
2021-07-05 00:00:00,1545,967,348,230,2696,645,529,713,842,9,330244,270897,3866
2021-07-06 00:00:00,1493,942,334,217,2690,646,529,697,856,4,330941,271753,3870
2021-07-07 00:00:00,1436,899,325,212,2688,646,529,885,639,0,331826,272392,3870
2021-07-08 00:00:00,1417,884,325,208,2687,645,529,558,386,9,332384,272778,3879
2021-07-09 00:00:00,1385,869,318,198,2659,645,529,669,613,10,333053,273391,3889
2021-07-10 00:00:00,1399,876,319,204,2659,645,529,628,554,3,333681,273945,3892
2021-07-11 00:00:00,1395,867,319,209,2665,645,529,863,1650,1,334544,275595,3893
2021-07-12 00:00:00,1345,824,310,211,2690,645,536,535,632,4,335079,276227,3897
2021-07-13 00:00:00,1288,802,301,185,2705,635,522,530,616,3,335609,276843,3900
2021-07-14 00:00:00,1274,800,287,187,2691,633,522,535,583,7,336144,277426,3907
2021-07-15 00:00:00,1239,784,273,182,2683,631,519,549,552,3,336693,277978,3910
2021-07-16 00:00:00,1198,765,261,172,2683,631,519,454,729,5,337147,278707,3915
2021-07-17 00:00:00,1162,728,264,170,2677,631,519,428,1007,1,337575,279714,3916
2021-07-18 00:00:00,1153,723,263,167,2677,631,519,163,527,0,337738,280241,3916
2021-07-19 00:00:00,1127,706,252,169,2679,633,519,237,404,12,337975,280645,3928
2021-07-20 00:00:00,1128,723,246,159,2681,638,519,316,2196,1,338291,282841,3929
2021-07-21 00:00:00,1052,689,221,142,2681,638,519,611,4766,2,338902,287607,3931
2021-07-22 00:00:00,1039,674,220,145,2679,638,519,400,5090,0,339302,292697,3931
2021-07-23 00:00:00,1038,686,212,140,2680,638,524,367,5116,6,339669,297813,3937
2021-07-24 00:00:00,1008,650,214,144,2680,638,525,384,5139,0,340053,302952,3937
2021-07-25 00:00:00,986,642,212,132,2680,636,525,177,2073,0,340230,305025,3937
2021-07-26 00:00:00,953,622,203,128,2673,636,525,268,3528,8,340498,308553,3945
2021-07-27 00:00:00,941,614,196,131,2656,640,525,316,3651,8,340814,312204,3953
2021-07-28 00:00:00,944,605,207,132,2649,651,525,365,4923,3,341179,317127,3956
2021-07-29 00:00:00,897,590,183,124,2642,633,525,331,3628,0,341510,320755,3956
2021-07-30 00:00:00,908,586,194,128,2655,633,525,395,2578,7,341905,323333,3963
2021-07-31 00:00:00,898,578,195,125,2655,633,525,362,367,0,342267,323700,3963
2021-08-01 00:00:00,896,575,195,126,2655,633,525,393,527,0,342660,324227,3963
2021-08-02 00:00:00,846,555,180,111,2632,619,522,190,253,5,342850,324480,3968
2021-08-03 00:00:00,829,544,175,110,2632,620,521,336,381,3,343186,324861,3971
2021-08-04 00:00:00,825,546,169,110,2629,620,520,326,316,2,343512,325177,3973
2021-08-05 00:00:00,823,535,176,112,2629,620,520,317,696,0,343829,325873,3973
2021-08-06 00:00:00,821,530,172,119,2622,616,516,322,628,1,344151,326501,3974
2021-08-07 00:00:00,842,542,174,126,2622,616,516,344,356,0,344495,326857,3974
2021-08-08 00:00:00,831,528,177,126,2622,616,516,130,1832,0,344625,328689,3974
2021-08-09 00:00:00,818,520,177,121,2622,616,516,211,1817,1,344836,330506,3975
2021-08-10 00:00:00,784,499,168,117,2623,615,516,282,2516,0,345118,333022,3975
2021-08-11 00:00:00,749,482,163,104,2604,607,518,207,1841,1,345325,334863,3976
2021-08-12 00:00:00,761,494,164,103,2604,607,518,312,1212,0,345637,336075,3976
2021-08-13 00:00:00,734,486,152,96,2604,608,519,323,82,0,345960,336157,3976
2021-08-14 00:00:00,734,486,152,96,2604,608,519,216,86,4,346176,336243,3980
2021-08-15 00:00:00,717,486,143,88,2604,608,519,283,105,5,346459,336348,3985
2021-08-16 00:00:00,672,460,136,76,2604,608,519,51,25,0,346510,336373,3985
2021-08-17 00:00:00,674,464,134,76,2701,610,489,183,605,4,346693,336978,3989
2021-08-18 00:00:00,614,411,123,80,2469,575,471,304,978,0,346997,337956,3989
2021-08-19 00:00:00,614,424,120,70,2417,559,447,373,190,0,347370,338146,3989
2021-08-20 00:00:00,582,396,116,70,2417,559,447,267,361,0,347637,338507,3989
2021-08-21 00:00:00,679,459,133,87,2567,601,497,198,490,0,347835,338997,3989
2021-08-22 00:00:00,675,449,136,90,2604,623,519,191,312,5,348026,339309,3994
2021-08-23 00:00:00,673,452,132,89,2604,608,519,223,292,8,348249,339601,4002
2021-08-24 00:00:00,614,424,120,70,2604,608,519,317,280,4,348566,339881,4006
2021-08-25 00:00:00,648,417,144,87,2604,608,519,349,51,1,348915,339932,4007
2021-08-26 00:00:00,630,417,134,79,2604,608,519,338,312,0,349253,340244,4007
2021-08-27 00:00:00,640,429,133,78,2604,608,519,367,228,0,349620,340472,4007
2021-08-28 00:00:00,638,421,136,81,2604,608,519,239,261,0,349859,340733,4007
2021-08-29 00:00:00,645,427,136,82,2604,608,519,158,261,0,350017,340994,4007
2021-08-30 00:00:00,645,425,136,84,2604,609,519,156,193,1,350173,341187,4008
2021-08-31 00:00:00,633,405,138,90,2604,609,519,295,164,0,350468,341351,4008
2021-09-01 00:00:00,616,399,137,80,2604,609,519,321,332,1,350789,341683,4009
2021-09-02 00:00:00,656,429,140,87,2604,609,519,411,339,0,351200,342022,4009
2021-09-03 00:00:00,662,432,142,88,2604,609,519,253,147,3,351453,342169,4012
2021-09-04 00:00:00,656,430,141,85,2604,609,519,285,331,0,351738,342500,4012
2021-09-05 00:00:00,637,418,139,80,2604,609,519,156,326,0,351894,342826,4012
2021-09-06 00:00:00,598,400,121,77,2604,609,519,115,228,1,352009,343054,4013
2021-09-07 00:00:00,602,397,124,81,2604,609,519,192,59,0,352201,343113,4013
2021-09-08 00:00:00,611,404,126,81,2604,609,519,240,290,1,352441,343403,4014
2021-09-09 00:00:00,614,397,135,82,2604,609,519,321,217,0,352762,343620,4014
2021-09-10 00:00:00,614,381,145,88,2604,609,519,309,316,0,353071,343936,4014
2021-09-11 00:00:00,633,398,146,89,2604,609,519,232,295,0,353303,344231,4014
2021-09-12 00:00:00,634,397,147,90,2604,609,519,239,338,4,353542,344569,4018
2021-09-13 00:00:00,605,398,130,77,2604,609,519,345,335,2,353887,344904,4020
2021-09-14 00:00:00,626,411,137,78,2604,609,519,282,328,2,354169,345232,4022
2021-09-15 00:00:00,640,425,134,81,2604,609,519,274,224,3,354443,345456,4025
2021-09-16 00:00:00,646,428,139,79,2604,609,519,273,250,2,354716,345706,4027
2021-09-17 00:00:00,665,442,141,82,2604,609,519,297,290,0,355013,345996,4027
2021-09-18 00:00:00,684,439,153,92,2604,609,519,137,330,1,355150,346326,4028
2021-09-19 00:00:00,687,443,153,91,2604,609,519,228,322,1,355378,346648,4029
2021-09-20 00:00:00,693,446,159,88,2604,609,519,343,108,0,355721,346756,4029
2021-09-21 00:00:00,682,435,156,91,2604,609,519,321,321,2,356042,347077,4031
2021-09-22 00:00:00,715,448,169,98,2604,609,519,279,434,0,356321,347511,4031
2021-09-23 00:00:00,722,461,166,95,2604,609,519,373,258,4,356694,347769,4035
2021-09-24 00:00:00,733,462,174,97,2604,609,519,240,288,3,356934,348057,4038
2021-09-25 00:00:00,734,466,170,98,2604,609,519,215,290,1,357149,348347,4039
2021-09-26 00:00:00,710,443,171,96,2604,609,519,368,259,2,357517,348606,4041
2021-09-27 00:00:00,694,440,156,98,2604,609,519,465,259,0,357982,348865,4041
2021-09-28 00:00:00,745,475,166,104,2604,609,519,473,304,5,358455,349169,4046
2021-09-29 00:00:00,766,488,178,100,2604,609,519,592,235,0,359047,349404,4046
2021-09-30 00:00:00,755,473,176,106,2604,609,519,550,364,3,359597,349768,4049
2021-10-01 00:00:00,777,480,183,114,2604,609,519,660,330,6,360257,350098,4055
2021-10-02 00:00:00,784,484,187,113,2604,609,519,573,650,0,360830,350748,4055
2021-10-03 00:00:00,807,501,189,117,2604,609,519,572,493,0,361402,351241,4055
2021-10-04 00:00:00,848,530,198,120,2604,609,519,701,93,1,362103,351334,4056
2021-10-05 00:00:00,841,524,196,121,2604,609,519,746,404,0,362849,351738,4056
2021-10-06 00:00:00,815,517,185,113,2604,609,519,886,335,7,363735,352073,4063
2021-10-07 00:00:00,857,552,184,121,2604,609,519,517,661,2,364252,352734,4065
2021-10-08 00:00:00,872,555,195,122,2604,609,519,811,364,2,365063,353098,4067
2021-10-09 00:00:00,888,560,203,125,2604,609,519,495,883,0,365558,353981,4067
2021-10-10 00:00:00,902,575,201,126,2604,609,519,633,351,0,366191,354332,4067
2021-10-11 00:00:00,947,606,207,134,2604,609,519,520,691,5,366711,355023,4072
2021-10-12 00:00:00,954,614,207,133,2604,609,519,668,990,5,367379,356013,4077
2021-10-13 00:00:00,942,610,203,129,2604,609,519,752,761,5,368131,356774,4082
2021-10-14 00:00:00,984,639,215,130,2604,609,519,699,689,0,368830,357463,4082
2021-10-15 00:00:00,996,646,222,128,2604,609,519,870,476,2,369700,357939,4084
2021-10-16 00:00:00,996,639,223,134,2604,609,519,751,838,3,370451,358777,4087
2021-10-17 00:00:00,1010,642,228,140,2604,609,519,996,2512,3,371447,361289,4090
2021-10-18 00:00:00,1026,628,244,154,2604,609,519,630,765,3,372077,362054,4093
2021-10-19 00:00:00,1020,634,234,152,2604,609,519,963,739,2,373040,362793,4095
2021-10-20 00:00:00,1033,630,239,164,2604,609,519,889,787,2,373929,363580,4097
2021-10-21 00:00:00,1066,669,234,163,2604,609,519,793,623,3,374722,364203,4100
2021-10-22 00:00:00,1065,673,236,156,2604,609,519,823,946,6,375545,365149,4106
2021-10-23 00:00:00,1069,673,240,156,2604,609,519,727,960,2,376272,366109,4108
2021-10-24 00:00:00,1080,680,241,159,2604,609,519,464,775,2,376736,366884,4110
2021-10-25 00:00:00,1102,687,247,168,2266,587,500,649,758,4,377385,367642,4114
2021-10-26 00:00:00,1097,687,248,162,2266,587,500,849,664,4,378234,368306,4118
2021-10-27 00:00:00,1083,672,254,157,2266,587,500,1102,781,6,379336,369087,4124
2021-10-28 00:00:00,1050,626,255,169,2266,587,500,879,780,2,380215,369867,4126
2021-10-29 00:00:00,1084,665,255,164,2266,587,500,759,310,3,380974,370177,4129
2021-10-30 00:00:00,1053,636,256,161,2266,587,500,693,923,1,381667,371100,4130
2021-10-31 00:00:00,1044,628,252,164,2266,587,500,809,708,3,382476,371808,4133
2021-11-01 00:00:00,1080,654,261,165,2266,587,500,841,1874,5,383317,373682,4138
2021-11-02 00:00:00,1105,662,269,174,2266,587,500,891,1525,6,384208,375207,4144
2021-11-03 00:00:00,1072,639,263,170,2266,587,500,973,1370,2,385181,376577,4146
2021-11-04 00:00:00,1066,645,255,166,2266,587,500,1104,1111,2,386285,377688,4148
2021-11-05 00:00:00,1078,655,254,169,2261,585,469,984,999,2,387269,378687,4150
2021-11-06 00:00:00,1067,653,250,164,2261,585,469,896,1305,0,388165,379992,4150
2021-11-07 00:00:00,1071,655,250,166,2261,585,469,925,127,3,389090,380119,4153
2021-11-08 00:00:00,1067,668,244,155,2261,585,469,968,1265,1,390058,381384,4154
2021-11-09 00:00:00,1076,676,243,157,2261,585,469,1046,1517,3,391104,382901,4157
2021-11-10 00:00:00,1071,666,247,158,2261,585,469,1119,1279,1,392223,384180,4158
2021-11-11 00:00:00,1044,634,250,160,2261,585,469,1160,927,7,393383,385107,4165
2021-11-12 00:00:00,1032,634,243,155,2261,585,469,1225,1112,1,394608,386219,4166
2021-11-13 00:00:00,1027,630,243,154,2261,585,469,1248,972,4,395856,387191,4170
2021-11-14 00:00:00,1002,604,243,155,2261,585,469,1160,886,0,397016,388077,4170
2021-11-15 00:00:00,952,570,239,143,2261,585,469,1002,922,4,398018,388999,4174
2021-11-16 00:00:00,950,569,238,143,2261,585,469,862,1170,4,398880,390169,4178
2021-11-17 00:00:00,897,552,217,128,2261,585,469,893,375,4,399773,390544,4182
2021-11-18 00:00:00,902,543,224,135,2261,585,469,1073,872,1,400846,391416,4183
2021-11-19 00:00:00,871,528,212,131,2261,585,469,1068,1188,3,401914,392604,4186
2021-11-20 00:00:00,856,520,207,129,2261,585,469,817,1364,0,402731,393968,4186
2021-11-21 00:00:00,850,512,210,128,2261,585,469,707,923,4,403438,394891,4190
2021-11-22 00:00:00,772,463,193,116,2261,585,469,846,1244,4,404284,396135,4194
2021-11-23 00:00:00,779,459,193,127,2261,585,469,470,468,1,404754,396603,4195
2021-11-24 00:00:00,750,432,190,128,2261,585,469,759,380,2,405513,396983,4197
2021-11-25 00:00:00,765,433,195,137,2261,585,469,508,890,5,406021,397873,4202
2021-11-26 00:00:00,758,424,201,133,2261,585,469,490,853,2,406511,398726,4204
2021-11-27 00:00:00,729,403,199,127,2261,585,469,292,712,0,406803,399438,4204
2021-11-28 00:00:00,719,396,196,127,2261,585,469,310,25,0,407113,399463,4204
2021-11-29 00:00:00,701,394,186,121,2261,585,469,138,433,0,407251,399896,4204
2021-11-30 00:00:00,674,379,179,116,2261,585,469,223,754,6,407474,400650,4210
2021-12-01 00:00:00,622,357,167,98,2261,585,469,155,186,0,407629,400836,4210
2021-12-02 00:00:00,600,339,165,96,2261,585,469,289,639,2,407918,401475,4212
2021-12-03 00:00:00,590,339,156,95,2261,585,469,327,241,0,408245,401716,4212
2021-12-04 00:00:00,590,337,155,98,2261,585,469,271,475,0,408516,402191,4212
2021-12-05 00:00:00,580,325,156,99,2261,585,469,232,436,0,408748,402627,4212
2021-12-06 00:00:00,574,326,154,94,2261,585,469,254,627,0,409002,403254,4212
2021-12-07 00:00:00,538,303,139,96,2261,585,469,230,159,0,409232,403413,4212
2021-12-08 00:00:00,514,292,129,93,2261,585,469,258,121,2,409490,403534,4214
2021-12-09 00:00:00,488,287,116,85,2261,585,492,372,361,4,409862,403895,4218
2021-12-10 00:00:00,463,283,108,72,2261,585,487,225,278,0,410087,404173,4218
2021-12-11 00:00:00,466,283,110,73,2261,585,487,178,216,1,410265,404389,4219
2021-12-12 00:00:00,459,280,109,70,2261,585,487,147,245,0,410412,404634,4219
2021-12-13 00:00:00,417,245,102,70,2261,585,484,308,308,1,410720,404942,4220
2021-12-14 00:00:00,424,254,96,74,2261,585,478,206,136,0,410926,405078,4220
2021-12-15 00:00:00,415,247,94,74,2261,585,473,88,77,0,411014,405155,4220
2021-12-16 00:00:00,400,240,89,71,2261,585,469,252,339,2,411266,405494,4222
2021-12-17 00:00:00,413,239,97,77,2261,585,469,183,313,1,411449,405807,4223
2021-12-18 00:00:00,417,244,94,79,2261,585,473,272,234,0,411721,406041,4223
2021-12-19 00:00:00,419,243,96,80,2261,585,469,162,215,0,411883,406256,4223
2021-12-20 00:00:00,410,248,90,72,2261,585,492,139,253,0,412022,406509,4223
2021-12-21 00:00:00,406,247,90,69,2261,585,492,241,4,0,412263,406513,4223
2021-12-22 00:00:00,420,266,82,72,2261,585,469,422,179,11,412685,406692,4234
2021-12-23 00:00:00,415,264,81,70,2261,585,469,506,323,0,413191,407015,4234
2021-12-24 00:00:00,414,267,78,69,2261,585,492,696,235,3,413887,407250,4237
2021-12-25 00:00:00,400,261,74,65,2261,585,469,339,-20,1,414226,407230,4238
2021-12-26 00:00:00,390,255,71,64,2261,585,469,478,308,0,414704,407538,4238
2021-12-27 00:00:00,402,263,76,63,2261,585,469,655,168,5,415359,407706,4243
2021-12-28 00:00:00,432,284,82,66,2261,585,469,911,77,3,416270,407783,4246
2021-12-29 00:00:00,498,337,93,68,2261,585,469,998,-3,0,417268,407780,4246
2021-12-30 00:00:00,576,396,108,72,2261,585,469,1510,159,1,418778,407939,4247
2021-12-31 00:00:00,626,436,114,76,2261,585,469,1149,505,0,419927,408444,4247
2022-01-01 00:00:00,617,428,115,74,2261,585,469,2026,582,2,421953,409026,4249
2022-01-02 00:00:00,624,434,114,76,2261,585,469,2856,533,2,424809,409559,4251
2022-01-03 00:00:00,813,541,162,110,2261,585,469,3700,114,1,428509,409673,4252
2022-01-04 00:00:00,841,572,164,105,2261,585,469,5201,159,0,433710,409832,4252
2022-01-05 00:00:00,972,667,182,123,2261,585,469,5307,-257,0,439017,409575,4252
2022-01-06 00:00:00,1015,707,187,121,2261,585,469,5968,2078,1,444985,411653,4253
2022-01-07 00:00:00,825,590,130,105,2261,585,469,6200,3795,2,451185,415448,4255
2022-01-08 00:00:00,917,652,150,115,2261,585,469,6042,4378,0,457227,419826,4255
2022-01-09 00:00:00,919,652,152,115,2261,585,469,5155,4862,0,462382,424688,4255
2022-01-10 00:00:00,952,672,160,120,2261,585,469,6683,3372,0,469065,428060,4255
2022-01-11 00:00:00,988,690,168,130,2261,585,469,7439,3237,4,476504,431297,4259
2022-01-12 00:00:00,996,701,170,125,2261,585,469,5953,6915,0,482457,438212,4259
2022-01-13 00:00:00,1064,740,196,128,2261,585,469,7174,6713,7,489631,444925,4266
2022-01-14 00:00:00,1131,778,215,138,2261,585,469,4964,10524,2,494595,455449,4268
2022-01-15 00:00:00,1181,814,225,142,2261,585,469,3988,4021,0,498583,459470,4268
2022-01-16 00:00:00,1226,857,225,144,2261,585,469,6331,3309,1,504914,462779,4269
2022-01-17 00:00:00,1276,893,231,152,2261,585,469,5544,8846,0,510458,471625,4269
2022-01-18 00:00:00,1272,897,229,146,2261,585,469,7153,6299,5,517611,477924,4274
2022-01-19 00:00:00,1253,882,225,146,2261,585,469,7024,6412,0,524635,484336,4274
2022-01-20 00:00:00,1192,821,219,152,2261,585,469,6363,7918,5,530998,492254,4279
2022-01-21 00:00:00,1195,827,219,149,2261,585,469,5769,7548,6,536767,499802,4285
2022-01-22 00:00:00,1198,820,220,158,2261,585,469,2813,7900,2,539580,507702,4287
2022-01-23 00:00:00,1188,806,228,154,2261,585,469,2476,5197,2,542056,512899,4289
2022-01-24 00:00:00,1164,783,235,146,2261,585,469,2272,5043,2,544328,517942,4291
2022-01-25 00:00:00,1033,666,236,131,2394,585,469,2763,5247,2,547091,523189,4293
2022-01-26 00:00:00,891,550,212,129,2373,585,469,2929,5183,2,550020,528372,4295
2022-01-27 00:00:00,840,514,208,118,2373,585,469,1508,5212,3,551528,533584,4298
2022-01-28 00:00:00,770,459,204,107,2373,585,469,1303,5135,3,552831,538719,4301
2022-01-29 00:00:00,767,463,201,103,2373,585,469,1221,2487,4,554052,541206,4305
2022-01-30 00:00:00,754,449,203,102,2373,585,469,1193,2549,2,555245,543755,4307
2022-01-31 00:00:00,666,382,178,106,2373,585,469,1275,2511,3,556520,546266,4310
2022-02-01 00:00:00,610,346,169,95,2373,585,469,1399,2170,3,557919,548436,4313
2022-02-02 00:00:00,588,338,155,95,2373,585,469,1017,783,2,558936,549219,4315
2022-02-03 00:00:00,539,313,138,88,2373,585,469,1101,754,4,560037,549973,4319
2022-02-04 00:00:00,524,317,124,83,2373,585,469,1620,2516,3,561657,552489,4322
2022-02-05 00:00:00,524,315,127,82,2373,585,469,956,1327,3,562613,553816,4325
2022-02-06 00:00:00,516,312,123,81,2373,585,469,1044,774,4,563657,554590,4329
2022-02-07 00:00:00,480,297,110,73,2373,585,469,810,993,3,564467,555583,4332
2022-02-08 00:00:00,393,257,85,51,2373,585,469,1395,1625,4,565862,557208,4336
2022-02-09 00:00:00,379,249,80,50,2373,585,469,1223,-194,3,567085,557014,4339
2022-02-10 00:00:00,370,240,79,51,2373,585,469,810,1041,2,567895,558055,4341
2022-02-11 00:00:00,376,245,80,51,2373,585,469,1129,1155,2,569024,559210,4343
2022-02-12 00:00:00,347,221,77,49,2373,585,469,422,2542,4,569446,561752,4347
2022-02-13 00:00:00,339,211,79,49,2373,585,469,256,1010,0,569702,562762,4347
2022-02-14 00:00:00,321,201,73,47,2373,585,469,534,481,2,570236,563243,4349
2022-02-15 00:00:00,321,202,73,46,2373,585,469,400,514,2,570636,563757,4351
2022-02-16 00:00:00,297,193,58,46,2373,585,469,253,413,3,570889,564170,4354
2022-02-17 00:00:00,276,179,57,40,2373,585,469,311,386,0,571200,564556,4354
2022-02-18 00:00:00,266,171,58,37,2373,585,469,352,265,3,571552,564821,4357
2022-02-19 00:00:00,265,170,58,37,2373,585,469,304,405,0,571856,565226,4357
2022-02-20 00:00:00,263,170,57,36,2373,585,469,434,415,0,572290,565641,4357
2022-02-21 00:00:00,252,171,51,30,2373,585,469,306,447,3,572596,566088,4360
2022-02-22 00:00:00,227,154,44,29,2373,585,469,440,232,3,573036,566320,4363
2022-02-23 00:00:00,238,156,47,35,2373,585,469,422,907,0,573458,567227,4363
2022-02-24 00:00:00,211,145,39,27,2373,585,469,318,522,2,573776,567749,4365
2022-02-25 00:00:00,215,145,40,30,2373,585,469,295,282,3,574071,568031,4368
2022-02-26 00:00:00,215,144,40,31,2373,585,469,221,146,0,574292,568177,4368
2022-02-27 00:00:00,215,144,40,31,2373,585,469,264,145,0,574556,568322,4368
2022-02-28 00:00:00,199,141,31,27,2373,585,469,356,482,1,574912,568804,4369
2022-03-01 00:00:00,200,145,30,25,2373,585,469,245,143,1,575157,568947,4370
2022-03-02 00:00:00,203,145,33,25,2373,585,469,279,347,0,575436,569294,4370
2022-03-03 00:00:00,197,142,30,25,2373,585,469,156,239,0,575592,569533,4370
2022-03-04 00:00:00,193,136,32,25,2373,585,469,291,194,1,575883,569727,4371
2022-03-05 00:00:00,191,135,31,25,2373,585,469,66,419,0,575949,570146,4371
2022-03-06 00:00:00,195,137,29,29,2373,585,469,54,107,0,576003,570253,4371
2022-03-07 00:00:00,182,127,30,25,2373,585,469,126,531,0,576129,570784,4371
2022-03-08 00:00:00,182,129,29,24,2373,585,469,91,555,1,576220,571339,4372
2022-03-09 00:00:00,183,129,30,24,2373,585,469,81,199,2,576301,571538,4374
2022-03-10 00:00:00,190,135,29,26,2373,585,469,66,118,0,576367,571656,4374
2022-03-11 00:00:00,183,129,30,24,2373,585,469,127,95,0,576494,571751,4374
2022-03-12 00:00:00,186,130,31,25,2373,585,469,147,146,0,576641,571897,4374
2022-03-13 00:00:00,175,125,30,20,2373,585,469,57,109,0,576698,572006,4374
2022-03-14 00:00:00,165,120,23,22,2373,585,469,90,22,0,576788,572028,4374
2022-03-15 00:00:00,170,130,20,20,2373,585,469,116,64,1,576904,572092,4375
2022-03-16 00:00:00,175,135,20,20,2373,585,469,166,87,0,577070,572179,4375
2022-03-17 00:00:00,170,126,24,20,2373,585,469,171,110,0,577241,572289,4375
2022-03-18 00:00:00,176,126,25,25,2373,585,469,76,77,0,577317,572366,4375
2022-03-19 00:00:00,175,125,25,25,2373,585,469,21,68,0,577338,572434,4375
2022-03-20 00:00:00,160,118,21,21,2373,585,469,16,207,0,577354,572641,4375
2022-03-21 00:00:00,163,116,24,23,2373,585,469,122,33,0,577476,572674,4375
2022-03-22 00:00:00,161,118,24,19,2373,585,469,105,90,0,577581,572764,4375
2022-03-23 00:00:00,167,125,24,18,2373,585,469,92,89,0,577673,572853,4375
2022-03-24 00:00:00,164,119,25,20,2373,585,469,68,284,0,577741,573137,4375
2022-03-25 00:00:00,136,92,26,18,2373,585,469,100,65,0,577841,573202,4375
2022-03-26 00:00:00,169,121,25,23,2373,585,469,39,52,0,577880,573254,4375
2022-03-27 00:00:00,166,118,25,23,2373,585,469,30,93,0,577910,573347,4375
2022-03-28 00:00:00,161,118,22,21,2373,585,469,72,22,0,577982,573369,4375
2022-03-29 00:00:00,152,113,21,18,2373,585,469,38,76,0,578020,573445,4375
2022-03-30 00:00:00,150,111,21,18,2373,585,469,18,79,0,578038,573524,4375
2022-03-31 00:00:00,150,110,20,20,2373,585,469,92,66,0,578130,573590,4375
2022-04-01 00:00:00,148,109,20,19,2373,585,469,49,10,0,578179,573600,4375
2022-04-02 00:00:00,148,109,20,19,2373,585,469,30,103,0,578209,573703,4375
2022-04-03 00:00:00,147,106,21,20,2373,585,469,44,20,0,578253,573723,4375
2022-04-04 00:00:00,148,107,21,20,2373,585,469,66,91,0,578319,573814,4375
2022-04-05 00:00:00,114,78,18,18,2373,585,469,58,71,0,578377,573885,4375
2022-04-06 00:00:00,91,61,18,12,2373,585,469,39,11,0,578416,573896,4375
2022-04-07 00:00:00,89,59,18,12,2373,585,469,68,67,0,578484,573963,4375
2022-04-08 00:00:00,89,59,20,10,2373,585,469,47,72,0,578531,574035,4375
2022-04-09 00:00:00,121,80,21,20,2373,585,469,25,75,0,578556,574110,4375
2022-04-10 00:00:00,58,35,13,10,2373,585,469,14,23,0,578570,574133,4375
2022-04-11 00:00:00,71,45,16,10,2373,585,469,56,-1,0,578626,574132,4375
2022-04-12 00:00:00,65,40,15,10,2373,585,469,37,38,0,578663,574170,4375
2022-04-13 00:00:00,71,44,17,10,2373,585,469,42,7,0,578705,574177,4375
2022-04-14 00:00:00,73,44,17,12,2373,585,469,28,63,0,578733,574240,4375
2022-04-15 00:00:00,73,44,17,12,2373,585,469,12,2,0,578745,574242,4375
2022-04-16 00:00:00,73,44,17,12,2373,585,469,29,-5,0,578774,574237,4375
2022-04-17 00:00:00,73,44,17,12,2373,585,469,15,7,0,578789,574244,4375
2022-04-18 00:00:00,66,43,14,9,2373,585,469,54,0,1,578843,574244,4376
2022-04-19 00:00:00,70,43,17,10,2373,585,469,42,18,0,578885,574262,4376
2022-04-20 00:00:00,70,45,16,9,2373,585,469,69,35,0,578954,574297,4376
2022-04-21 00:00:00,65,45,14,6,2373,585,469,71,64,0,579025,574361,4376
2022-04-22 00:00:00,65,45,14,6,2373,585,469,54,39,0,579079,574400,4376
2022-04-23 00:00:00,65,45,14,6,2373,585,469,35,46,0,579114,574446,4376
2022-04-24 00:00:00,65,45,14,6,2373,585,469,27,31,0,579141,574477,4376
2022-04-25 00:00:00,65,45,14,6,2373,585,469,63,50,0,579204,574527,4376
2022-04-26 00:00:00,61,52,6,3,2373,585,469,44,74,0,579248,574601,4376
2022-04-27 00:00:00,46,46,0,0,2373,585,469,66,47,0,579314,574648,4376
2022-04-28 00:00:00,4,4,0,0,2373,585,469,65,35,0,579379,574683,4376
2022-04-29 00:00:00,7,6,1,0,2373,585,469,64,43,0,579443,574726,4376
2022-04-30 00:00:00,7,6,1,0,2373,585,469,22,33,0,579465,574759,4376
2022-05-01 00:00:00,7,6,1,0,2373,585,469,55,62,0,579520,574821,4376
2022-05-02 00:00:00,7,6,1,0,2373,585,469,52,3,0,579572,574824,4376
2022-05-03 00:00:00,6,5,1,0,2373,585,469,64,65,0,579636,574889,4376
2022-05-04 00:00:00,7,7,0,0,2373,585,469,40,37,0,579676,574926,4376
2022-05-05 00:00:00,5,5,0,0,2373,585,469,67,61,0,579743,574987,4376
2022-05-06 00:00:00,6,6,0,0,2373,585,469,64,37,0,579807,575024,4376
2022-05-07 00:00:00,6,6,0,0,2373,585,469,126,120,0,579933,575144,4376
2022-05-08 00:00:00,6,6,0,0,2373,585,469,87,31,0,580020,575175,4376
2022-05-09 00:00:00,5,4,1,0,2373,585,469,79,56,0,580099,575231,4376
2022-05-10 00:00:00,6,4,2,0,2373,585,469,102,71,0,580201,575302,4376
2022-05-11 00:00:00,9,7,1,1,2373,585,469,72,0,0,580273,575302,4376
2022-05-12 00:00:00,11,9,1,1,2373,585,469,63,183,0,580336,575485,4376
2022-05-13 00:00:00,12,9,1,2,2373,585,469,76,98,0,580412,575583,4376
2022-05-14 00:00:00,12,9,1,2,2373,585,469,142,103,0,580554,575686,4376
2022-05-15 00:00:00,12,9,1,2,2373,585,469,107,62,1,580661,575748,4377
2022-05-16 00:00:00,20,18,1,1,2373,585,469,130,121,0,580791,575869,4377
2022-05-17 00:00:00,30,30,0,0,2373,585,469,163,80,0,580954,575949,4377
2022-05-18 00:00:00,32,31,1,0,2373,585,469,90,57,0,581044,576006,4377
2022-05-19 00:00:00,32,31,1,0,2373,585,469,109,141,0,581153,576147,4377
2022-05-20 00:00:00,32,31,1,0,2373,585,469,97,86,0,581250,576233,4377
2022-05-21 00:00:00,32,31,1,0,2373,585,469,101,101,0,581351,576334,4377
2022-05-22 00:00:00,32,31,1,0,2373,585,469,113,74,0,581464,576408,4377
2022-05-23 00:00:00,45,39,6,0,2373,585,469,183,61,0,581647,576469,4377
2022-05-24 00:00:00,44,40,4,0,2373,585,469,222,-49,0,581869,576420,4377
2022-05-25 00:00:00,55,51,4,0,2373,585,469,324,212,0,582193,576632,4377
2022-05-26 00:00:00,69,64,5,0,2373,585,469,500,117,0,582693,576749,4377
2022-05-27 00:00:00,78,68,10,0,2373,585,469,466,227,0,583159,576976,4377
2022-05-28 00:00:00,78,68,10,0,2373,585,469,264,212,0,583423,577188,4377
2022-05-29 00:00:00,78,68,10,0,2373,585,469,299,293,0,583722,577481,4377
2022-05-30 00:00:00,71,63,8,0,2373,585,469,307,68,0,584029,577549,4377
2022-05-31 00:00:00,65,54,10,1,2373,585,469,497,385,0,584526,577934,4377
2022-06-01 00:00:00,172,60,112,0,2373,585,469,558,214,0,585084,578148,4377
2022-06-02 00:00:00,95,87,8,0,2373,585,469,483,456,0,585567,578604,4377
2022-06-03 00:00:00,118,107,11,0,2373,585,469,532,830,0,586099,579434,4377
2022-06-04 00:00:00,118,107,11,0,2373,585,469,827,315,0,586926,579749,4377
2022-06-05 00:00:00,118,107,11,0,2373,585,469,652,91,0,587578,579840,4377
2022-06-06 00:00:00,130,120,9,1,2373,585,469,830,384,2,588408,580224,4379
2022-06-07 00:00:00,163,146,13,4,2373,585,469,570,540,1,588978,580764,4380
2022-06-08 00:00:00,178,158,17,3,2373,585,469,543,1035,0,589521,581799,4380
2022-06-09 00:00:00,195,174,18,3,2373,585,469,537,540,0,590058,582339,4380
2022-06-10 00:00:00,145,127,14,4,2373,585,469,706,857,0,590764,583196,4380
2022-06-11 00:00:00,215,194,18,3,2373,585,469,918,959,0,591682,584155,4380
2022-06-12 00:00:00,213,192,19,2,2373,585,469,896,527,2,592578,584682,4382
2022-06-13 00:00:00,212,187,23,2,2373,585,469,746,45,0,593324,584727,4382
2022-06-14 00:00:00,246,214,29,3,2373,585,469,737,1213,0,594061,585940,4382
2022-06-15 00:00:00,240,207,30,3,2373,585,469,903,1066,0,594964,587006,4382
2022-06-16 00:00:00,244,211,29,4,2373,585,469,963,740,0,595927,587746,4382
2022-06-17 00:00:00,247,219,25,3,2373,585,469,755,845,0,596682,588591,4382
2022-06-18 00:00:00,247,219,25,3,2373,585,469,794,891,1,597476,589482,4383
2022-06-19 00:00:00,247,219,25,3,2373,585,469,603,274,0,598079,589756,4383
2022-06-20 00:00:00,252,225,25,2,2373,585,469,515,62,0,598594,589818,4383
2022-06-21 00:00:00,275,248,25,2,2373,585,469,875,1331,0,599469,591149,4383
2022-06-22 00:00:00,269,235,32,2,2373,585,469,941,1174,0,600410,592323,4383
2022-06-23 00:00:00,257,228,25,4,2373,585,469,962,1478,0,601372,593801,4383
2022-06-24 00:00:00,263,233,26,4,2373,585,469,982,473,0,602354,594274,4383
2022-06-25 00:00:00,263,233,26,4,2373,585,469,902,1043,0,603256,595317,4383
2022-06-26 00:00:00,263,233,26,4,2373,585,469,942,675,0,604198,595992,4383
2022-06-27 00:00:00,244,210,30,4,2373,585,469,572,394,0,604770,596386,4383
2022-06-28 00:00:00,272,227,36,9,2373,585,469,1014,2312,0,605784,598698,4383
2022-06-29 00:00:00,265,217,39,9,2373,585,469,1028,-114,0,606812,598584,4383
2022-06-30 00:00:00,265,217,40,8,2373,585,469,1364,2187,0,608176,600771,4383
2022-07-01 00:00:00,262,219,35,8,2373,585,469,1214,583,0,609390,601354,4383
2022-07-02 00:00:00,262,219,35,8,2373,585,469,1317,178,0,610707,601532,4383
2022-07-03 00:00:00,262,219,35,8,2373,585,469,874,1293,0,611581,602825,4383
